0.000   0.000   740.87  669.03
0.005   0.000   616.49  678.12
0.010   0.000   485.73  684.71
0.015   0.000   356.08  689.30
0.020   0.000   230.06  697.44
0.025   0.000   101.37  700.51
-0.005  0.005   942.44  902.27
0.005   0.005   675.11  905.47
0.015   0.005   404.50  902.98
0.025   0.005   133.70  902.07
-0.005  -0.015  994.86  397.63
0.005   -0.015  727.31  405.08
0.015   -0.015  457.52  404.71
0.025   -0.015  187.85  405.65
-0.000  -0.025  906.90  191.03
0.010   -0.025  639.39  207.13
0.020   -0.025  366.34  201.54
0.030   -0.025  95.12  205.85
